20111101     1528.247224        0.000153 20000000.000000 10000000.000000 10000000.000000
20111102   -42052.163150       -0.004205  7842948.953903 10000000.000000 10000000.000000
20111103   122952.942953        0.012295  5211281.165093 10000000.000000 10000000.000000
20111104    44858.522998        0.004486  4524005.718832 10000000.000000 10000000.000000
20111107    -3836.276658       -0.000384  4602012.391139 10000000.000000 10000000.000000
20111108    31708.461013        0.003171  5396132.730545 10000000.000000 10000000.000000
20111109   -65647.190321       -0.006565  5816425.007267 10000000.000000 10000000.000000
20111110   -35945.097411       -0.003595  5492341.040763 10000000.000000 10000000.000000
20111111    37578.216270        0.003758  5294033.210039 10000000.000000 10000000.000000
20111114   -10812.674017       -0.001081  5571496.074311 10000000.000000 10000000.000000
20111115    43969.140584        0.004397  5371566.889227 10000000.000000 10000000.000000
20111116    27142.388371        0.002714  5112658.254388 10000000.000000 10000000.000000
20111117   -58493.262505       -0.005849  5327248.381276 10000000.000000 10000000.000000
20111118     4753.484421        0.000475  5364288.584566 10000000.000000 10000000.000000
20111121    57360.900001        0.005736  6080042.460662 10000000.000000 10000000.000000
20111122   -41331.789204       -0.004133  5827372.997255 10000000.000000 10000000.000000
20111123   -20260.319835       -0.002026  5803407.652492 10000000.000000 10000000.000000
20111124   -52573.246019       -0.005257  5006957.756382 10000000.000000 10000000.000000
20111125    -3076.944376       -0.000308  4955172.152294 10000000.000000 10000000.000000
20111128     2521.086814        0.000252  4311516.961994 10000000.000000 10000000.000000
20111129   133708.763689        0.013371  4606814.831990 10000000.000000 10000000.000000
20111130  -128485.096515       -0.012849  4598562.778815 10000000.000000 10000000.000000
20111201    -8136.974624       -0.000814  5040344.409475 10000000.000000 10000000.000000
20111202    33253.879258        0.003325  4684716.024205 10000000.000000 10000000.000000
20111205    34162.440781        0.003416  4372365.866491 10000000.000000 10000000.000000
20111206    88879.298827        0.008888  4617301.608935 10000000.000000 10000000.000000
20111207    27684.510668        0.002768  4622065.525144 10000000.000000 10000000.000000
20111208    76238.805743        0.007624  4689468.780101 10000000.000000 10000000.000000
20111209   -22760.414446       -0.002276  4625852.102912 10000000.000000 10000000.000000
20111212    22771.174691        0.002277  4899165.308440 10000000.000000 10000000.000000
20111213   -73652.323861       -0.007365  5294232.903906 10000000.000000 10000000.000000
20111214    -1543.915833       -0.000154  4531066.706938 10000000.000000 10000000.000000
20111215    35676.115441        0.003568  4051226.068446 10000000.000000 10000000.000000
20111216    22705.437370        0.002271  4381241.459312 10000000.000000 10000000.000000
20111219    40424.090252        0.004042  4314824.631384 10000000.000000 10000000.000000
20111220    80252.694876        0.008025  4227313.499333 10000000.000000 10000000.000000
20111221   -33155.409820       -0.003316  4481650.106337 10000000.000000 10000000.000000
20111222  -102139.903070       -0.010214  4300045.359101 10000000.000000 10000000.000000
20111223    13286.856285        0.001329  4680516.257368 10000000.000000 10000000.000000
20111226    46376.528203        0.004638  4949527.531570 10000000.000000 10000000.000000
20111227   -10151.453867       -0.001015  4922154.278132 10000000.000000 10000000.000000
20111228    -9009.329289       -0.000901  4257242.692115 10000000.000000 10000000.000000
20111229    13059.474291        0.001306  4514544.900215 10000000.000000 10000000.000000
20111230    78544.969064        0.007854  4408646.602808 10000000.000000 10000000.000000
20120104  -107876.611586       -0.010788  4243662.825853 10000000.000000 10000000.000000
20120105  -119739.327127       -0.011974  4140863.742486 10000000.000000 10000000.000000
20120106    82866.759022        0.008287  4287901.451689 10000000.000000 10000000.000000
20120109    69975.385456        0.006998  4398236.911648 10000000.000000 10000000.000000
20120110    73781.267252        0.007378  4938494.252877 10000000.000000 10000000.000000
20120111   100347.498305        0.010035  4375250.645949 10000000.000000 10000000.000000
20120112   -35911.740809       -0.003591  5315969.401857 10000000.000000 10000000.000000
20120113  -183706.939968       -0.018371  5256014.181804 10000000.000000 10000000.000000
20120116   -43886.586901       -0.004389  5166530.481117 10000000.000000 10000000.000000
20120117   -37290.417509       -0.003729  5622448.995444 10000000.000000 10000000.000000
20120118  -166029.614051       -0.016603  3668746.121753 10000000.000000 10000000.000000
20120119    81698.561044        0.008170  3563709.095568 10000000.000000 10000000.000000
20120120   125038.701201        0.012504  3339772.780246 10000000.000000 10000000.000000
20120130   123904.763340        0.012390  4462256.336425 10000000.000000 10000000.000000
20120131    -2837.639881       -0.000284  5374789.710420 10000000.000000 10000000.000000
20120201   120067.027075        0.012007  5750622.040334 10000000.000000 10000000.000000
20120202   -48688.108670       -0.004869  5558528.014670 10000000.000000 10000000.000000
20120203    92227.461470        0.009223  5786731.330275 10000000.000000 10000000.000000
20120206    71122.923035        0.007112  5927581.547810 10000000.000000 10000000.000000
20120207    20963.081537        0.002096  6085848.530435 10000000.000000 10000000.000000
20120208   -19188.362996       -0.001919  6396562.764808 10000000.000000 10000000.000000
20120209    47865.522548        0.004787  5923596.339380 10000000.000000 10000000.000000
20120210   -25141.329671       -0.002514  5284202.006129 10000000.000000 10000000.000000
20120213   -27032.687567       -0.002703  4935108.109884 10000000.000000 10000000.000000
20120214    22202.555195        0.002220  4731715.607646 10000000.000000 10000000.000000
20120215    77087.671473        0.007709  4329618.463269 10000000.000000 10000000.000000
20120216    37581.329145        0.003758  4265633.084608 10000000.000000 10000000.000000
20120217   -35348.571488       -0.003535  4349854.177153 10000000.000000 10000000.000000
20120220   -19094.054850       -0.001909  4818438.997695 10000000.000000 10000000.000000
20120221   -45185.804217       -0.004519  5574340.117331 10000000.000000 10000000.000000
20120222   -18167.335498       -0.001817  4548794.129686 10000000.000000 10000000.000000
20120223    38800.544482        0.003880  4557855.648727 10000000.000000 10000000.000000
20120224    58619.246779        0.005862  4675394.467001 10000000.000000 10000000.000000
20120227    -6659.777376       -0.000666  3842307.814441 10000000.000000 10000000.000000
20120228    65668.792965        0.006567  4214214.824458 10000000.000000 10000000.000000
20120229    31928.188007        0.003193  4743387.085337 10000000.000000 10000000.000000
20120301     5392.533131        0.000539  5180396.691718 10000000.000000 10000000.000000
20120302   -21062.768675       -0.002106  4875923.488759 10000000.000000 10000000.000000
20120305   -36158.926756       -0.003616  5278240.726138 10000000.000000 10000000.000000
20120306    59867.521985        0.005987  4876900.367670 10000000.000000 10000000.000000
20120307    52749.389460        0.005275  5499756.485716 10000000.000000 10000000.000000
20120308     6423.569147        0.000642  5340760.879534 10000000.000000 10000000.000000
20120309    15605.585881        0.001561  5172257.178551 10000000.000000 10000000.000000
20120312    21173.982658        0.002117  5116439.391251 10000000.000000 10000000.000000
20120313    84439.778707        0.008444  4619112.658869 10000000.000000 10000000.000000
20120314    27897.106479        0.002790  4813426.261527 10000000.000000 10000000.000000
20120315  -142785.684465       -0.014279  5801942.550355 10000000.000000 10000000.000000
20120316   -32140.439908       -0.003214  5912832.921022 10000000.000000 10000000.000000
20120319    31674.435819        0.003167  5428191.873512 10000000.000000 10000000.000000
20120320    -1384.212481       -0.000138  5579203.816749 10000000.000000 10000000.000000
20120321    31264.655622        0.003126  5180362.673450 10000000.000000 10000000.000000
20120322    58444.314862        0.005844  5279978.678526 10000000.000000 10000000.000000
20120323    28496.111138        0.002850  5430898.538442 10000000.000000 10000000.000000
20120326     6725.903366        0.000673  5719447.840299 10000000.000000 10000000.000000
20120327    32121.750890        0.003212  5668823.622921 10000000.000000 10000000.000000
20120328    49688.283609        0.004969  5885489.059220 10000000.000000 10000000.000000
20120329    36132.195056        0.003613  5462709.799115 10000000.000000 10000000.000000
20120330     3369.644593        0.000337  5201425.451699 10000000.000000 10000000.000000
20120405    -6806.271817       -0.000681  5156605.617788 10000000.000000 10000000.000000
20120406    25883.080630        0.002588  5249396.578976 10000000.000000 10000000.000000
20120409   -19021.643370       -0.001902  4954106.018325 10000000.000000 10000000.000000
20120410   -30218.384819       -0.003022  5207163.043640 10000000.000000 10000000.000000
20120411    51719.623400        0.005172  5722564.783649 10000000.000000 10000000.000000
20120412    69447.623578        0.006945  5497943.929210 10000000.000000 10000000.000000
20120413    79975.275897        0.007998  6377704.680566 10000000.000000 10000000.000000
20120416   -57430.128048       -0.005743  5714625.368266 10000000.000000 10000000.000000
20120417    91317.638615        0.009132  6673531.548524 10000000.000000 10000000.000000
20120418   -27456.316684       -0.002746  6816413.579448 10000000.000000 10000000.000000
20120419    14074.435594        0.001407  6884569.387842 10000000.000000 10000000.000000
20120420    25052.098975        0.002505  6317636.242216 10000000.000000 10000000.000000
20120423   -77617.291233       -0.007762  7648845.689699 10000000.000000 10000000.000000
20120424  -169623.928227       -0.016962  6254067.209908 10000000.000000 10000000.000000
20120425   -28458.295753       -0.002846  5679740.199098 10000000.000000 10000000.000000
20120426    52785.559891        0.005279  5879761.855359 10000000.000000 10000000.000000
20120427    98541.877304        0.009854  5812158.744766 10000000.000000 10000000.000000
20120502    21149.107374        0.002115  6293036.424411 10000000.000000 10000000.000000
20120503    27441.434829        0.002744  7025426.142176 10000000.000000 10000000.000000
20120504    59082.731556        0.005908  6219283.373826 10000000.000000 10000000.000000
20120507    37491.400342        0.003749  6341760.556910 10000000.000000 10000000.000000
20120508    69952.700835        0.006995  7070257.658383 10000000.000000 10000000.000000
20120509    -9775.370580       -0.000978  7034300.262073 10000000.000000 10000000.000000
20120510   -50592.742505       -0.005059  7142902.391529 10000000.000000 10000000.000000
20120511    20613.159728        0.002061  5873608.321587 10000000.000000 10000000.000000
20120514    32187.638762        0.003219  6833028.914030 10000000.000000 10000000.000000
20120515   -58567.552132       -0.005857  6285882.249944 10000000.000000 10000000.000000
20120516    23908.220009        0.002391  6587349.875947 10000000.000000 10000000.000000
20120517    97564.052316        0.009756  6977596.944679 10000000.000000 10000000.000000
20120518      722.610154        0.000072  6170809.795649 10000000.000000 10000000.000000
20120521    28486.526809        0.002849  7088837.028007 10000000.000000 10000000.000000
20120522     7544.554078        0.000754  6286943.762559 10000000.000000 10000000.000000
20120523   -57646.130339       -0.005765  5922639.245306 10000000.000000 10000000.000000
20120524    45137.830332        0.004514  5774369.696508 10000000.000000 10000000.000000
20120525    -9075.037199       -0.000908  5773903.386875 10000000.000000 10000000.000000
20120528    19466.170599        0.001947  6177159.122800 10000000.000000 10000000.000000
20120529    35860.436205        0.003586  6286437.026685 10000000.000000 10000000.000000
20120530   -10475.899818       -0.001048  4988511.669390 10000000.000000 10000000.000000
20120531    64907.425264        0.006491  5031163.757823 10000000.000000 10000000.000000
20120601    31078.093487        0.003108  5229612.685361 10000000.000000 10000000.000000
20120604   -98131.874555       -0.009813  5744711.828942 10000000.000000 10000000.000000
20120605    12123.429335        0.001212  6104989.521983 10000000.000000 10000000.000000
20120606    26713.844211        0.002671  5131242.124383 10000000.000000 10000000.000000
20120607    -6249.012696       -0.000625  5967575.226289 10000000.000000 10000000.000000
20120608   -27219.972595       -0.002722  5379706.970217 10000000.000000 10000000.000000
20120611   -21166.050998       -0.002117  5221345.944999 10000000.000000 10000000.000000
20120612   -32050.609812       -0.003205  5252311.480319 10000000.000000 10000000.000000
20120613    15389.785844        0.001539  4508950.450190 10000000.000000 10000000.000000
20120614    39181.952517        0.003918  4236650.186005 10000000.000000 10000000.000000
20120615    35819.306573        0.003582  4887453.240997 10000000.000000 10000000.000000
20120618    14615.429899        0.001462  5295359.999064 10000000.000000 10000000.000000
20120619    79687.451992        0.007969  5521076.643804 10000000.000000 10000000.000000
20120620    42941.102727        0.004294  5406959.888338 10000000.000000 10000000.000000
20120621   -38768.916094       -0.003877  6104070.527255 10000000.000000 10000000.000000
20120625   -90272.690874       -0.009027  6084418.027660 10000000.000000 10000000.000000
20120626    38868.519857        0.003887  5880518.999443 10000000.000000 10000000.000000
20120627   -95789.383855       -0.009579  5931448.341412 10000000.000000 10000000.000000
20120628   -14497.624131       -0.001450  5043582.532179 10000000.000000 10000000.000000
20120629    36028.101054        0.003603  4947995.347010 10000000.000000 10000000.000000
20120702    33793.440745        0.003379  5076181.236361 10000000.000000 10000000.000000
20120703   -12016.125011       -0.001202  5474339.273327 10000000.000000 10000000.000000
20120704    12701.179412        0.001270  4903706.561156 10000000.000000 10000000.000000
20120705   -94019.220904       -0.009402  5165138.546350 10000000.000000 10000000.000000
20120706   -29230.903330       -0.002923  5007403.206437 10000000.000000 10000000.000000
20120709   -52936.348662       -0.005294  5030509.730992 10000000.000000 10000000.000000
20120710    42955.403604        0.004296  4812453.590834 10000000.000000 10000000.000000
20120711    34309.318989        0.003431  4481680.807411 10000000.000000 10000000.000000
20120712    28650.062957        0.002865  4006713.999730 10000000.000000 10000000.000000
20120713   -32040.060379       -0.003204  3814051.393744 10000000.000000 10000000.000000
20120716   -82476.471092       -0.008248  4183666.916668 10000000.000000 10000000.000000
20120717    56331.024484        0.005633  4387314.000347 10000000.000000 10000000.000000
20120718    65514.216426        0.006551  4011320.715025 10000000.000000 10000000.000000
20120719    86170.055245        0.008617  4367391.792932 10000000.000000 10000000.000000
20120720    56625.345250        0.005663  4073100.421880 10000000.000000 10000000.000000
20120723    -3580.590406       -0.000358  4897464.576000 10000000.000000 10000000.000000
20120724    62175.212969        0.006218  4835454.293559 10000000.000000 10000000.000000
20120725    59873.397263        0.005987  4724539.898235 10000000.000000 10000000.000000
20120726    36201.385553        0.003620  4754808.260661 10000000.000000 10000000.000000
20120727    37805.843731        0.003781  4637446.445285 10000000.000000 10000000.000000
20120730   -28228.767673       -0.002823  5278430.727622 10000000.000000 10000000.000000
20120731   -57465.814135       -0.005747  4919183.785916 10000000.000000 10000000.000000
20120801     3958.415990        0.000396  4390880.865804 10000000.000000 10000000.000000
20120802   -45836.007067       -0.004584  5074725.421183 10000000.000000 10000000.000000
20120803    64927.743023        0.006493  4197170.756629 10000000.000000 10000000.000000
20120806    89776.122599        0.008978  4233860.258434 10000000.000000 10000000.000000
20120807    80327.276715        0.008033  4692593.603764 10000000.000000 10000000.000000
20120808    34278.528207        0.003428  4657167.485732 10000000.000000 10000000.000000
20120809    21273.111611        0.002127  4792360.958458 10000000.000000 10000000.000000
20120810    26613.910408        0.002661  4506545.344509 10000000.000000 10000000.000000
20120813   -79873.634111       -0.007987  5269691.563148 10000000.000000 10000000.000000
20120814    32280.106348        0.003228  5051086.242465 10000000.000000 10000000.000000
20120815   -13288.128227       -0.001329  5209923.098439 10000000.000000 10000000.000000
20120816    68504.099114        0.006850  4649812.915438 10000000.000000 10000000.000000
20120817    34766.494187        0.003477  4596366.177851 10000000.000000 10000000.000000
20120820   -82271.822286       -0.008227  4576393.956246 10000000.000000 10000000.000000
20120821     9654.725092        0.000965  4715544.799858 10000000.000000 10000000.000000
20120822   -72995.716609       -0.007300  4901355.505018 10000000.000000 10000000.000000
20120823    47914.830841        0.004791  4839761.457273 10000000.000000 10000000.000000
20120824    41008.337163        0.004101  4439766.078985 10000000.000000 10000000.000000
20120827  -102409.308898       -0.010241  4713667.770507 10000000.000000 10000000.000000
20120828   -27933.739795       -0.002793  4394770.016088 10000000.000000 10000000.000000
20120829   -54638.039568       -0.005464  4494385.600450 10000000.000000 10000000.000000
20120830   124741.816264        0.012474  4297294.313344 10000000.000000 10000000.000000
20120831   -37966.766811       -0.003797  4261548.935033 10000000.000000 10000000.000000
20120903    -2189.668348       -0.000219  4046559.190267 10000000.000000 10000000.000000
20120904   -41294.608626       -0.004129  4418362.733197 10000000.000000 10000000.000000
20120905    19369.471820        0.001937  3976517.331848 10000000.000000 10000000.000000
20120906     6527.764824        0.000653  4059477.227027 10000000.000000 10000000.000000
20120907   197601.468357        0.019760  4133450.351975 10000000.000000 10000000.000000
20120910   -14646.783281       -0.001465  4451509.689053 10000000.000000 10000000.000000
20120911    43130.152708        0.004313  4786859.883560 10000000.000000 10000000.000000
20120912    51089.687347        0.005109  5494348.532493 10000000.000000 10000000.000000
20120913    37463.358306        0.003746  5691731.162384 10000000.000000 10000000.000000
20120914    17070.319908        0.001707  5899003.132484 10000000.000000 10000000.000000
20120917   -24532.916425       -0.002453  5278861.992310 10000000.000000 10000000.000000
20120918    -5174.488768       -0.000517  5743439.943048 10000000.000000 10000000.000000
20120919   -33178.827721       -0.003318  5638353.081332 10000000.000000 10000000.000000
20120920   -36436.316069       -0.003644  5356260.157528 10000000.000000 10000000.000000
20120921    26877.483676        0.002688  5147278.509763 10000000.000000 10000000.000000
20120924   -29843.432851       -0.002984  4828531.407048 10000000.000000 10000000.000000
20120925    48859.238338        0.004886  4835763.698934 10000000.000000 10000000.000000
20120926   -33042.334630       -0.003304  4150886.422304 10000000.000000 10000000.000000
20120927    21174.697355        0.002117  3800398.202871 10000000.000000 10000000.000000
20120928     -862.125932       -0.000086  4002851.925365 10000000.000000 10000000.000000
20121008    47864.863131        0.004786  4211474.374463 10000000.000000 10000000.000000
20121009    82014.857924        0.008201  4508044.516875 10000000.000000 10000000.000000
20121010    96464.427332        0.009646  4764847.530375 10000000.000000 10000000.000000
20121011   -74168.433360       -0.007417  4522741.260747 10000000.000000 10000000.000000
20121012    14932.018785        0.001493  5393515.853076 10000000.000000 10000000.000000
20121015   -82532.669194       -0.008253  5824018.741600 10000000.000000 10000000.000000
20121016    22103.616220        0.002210  5141601.343098 10000000.000000 10000000.000000
20121017    22762.848327        0.002276  4694874.605051 10000000.000000 10000000.000000
20121018     9953.169903        0.000995  4516456.739070 10000000.000000 10000000.000000
20121019    54667.788086        0.005467  4960994.343097 10000000.000000 10000000.000000
20121022   -31881.592492       -0.003188  4682862.129013 10000000.000000 10000000.000000
20121023    73299.850986        0.007330  4893992.858037 10000000.000000 10000000.000000
20121024   -22153.111710       -0.002215  4667837.916917 10000000.000000 10000000.000000
20121025    49817.711756        0.004982  4852020.682714 10000000.000000 10000000.000000
20121026   -93102.829589       -0.009310  5277872.973206 10000000.000000 10000000.000000
20121029   -51237.259081       -0.005124  4660313.331536 10000000.000000 10000000.000000
20121030    54379.119290        0.005438  4576801.231335 10000000.000000 10000000.000000
20121031   -44675.285760       -0.004468  4298882.117729 10000000.000000 10000000.000000
20121101    55683.619604        0.005568  4181845.806079 10000000.000000 10000000.000000
20121102   -31405.985143       -0.003141  4024991.771877 10000000.000000 10000000.000000
20121105     1414.019469        0.000141  4173221.164395 10000000.000000 10000000.000000
20121106   -13636.734663       -0.001364  4538713.062949 10000000.000000 10000000.000000
20121107    51345.376428        0.005135  4488757.201904 10000000.000000 10000000.000000
20121108   -43981.209060       -0.004398  4858499.833535 10000000.000000 10000000.000000
20121109   -49824.735156       -0.004982  4235380.851647 10000000.000000 10000000.000000
20121112   -23434.505857       -0.002343  4041797.391921 10000000.000000 10000000.000000
20121113   119121.784663        0.011912  4484557.038366 10000000.000000 10000000.000000
20121114    10153.244063        0.001015  4236024.886036 10000000.000000 10000000.000000
20121115   -14363.066770       -0.001436  3892538.264842 10000000.000000 10000000.000000
20121116   -12814.878670       -0.001281  3915248.065560 10000000.000000 10000000.000000
20121119   -32079.798758       -0.003208  3954060.861661 10000000.000000 10000000.000000
20121120      863.870876        0.000086  3916727.782999 10000000.000000 10000000.000000
20121121    24080.301850        0.002408  3835692.720430 10000000.000000 10000000.000000
20121122   -40956.439527       -0.004096  3973482.000625 10000000.000000 10000000.000000
20121123    34117.379105        0.003412  3618574.505590 10000000.000000 10000000.000000
20121126    -5929.572743       -0.000593  4008146.611665 10000000.000000 10000000.000000
20121127    15532.656801        0.001553  4003745.047302 10000000.000000 10000000.000000
20121128     2163.846737        0.000216  3914895.378298 10000000.000000 10000000.000000
20121129    -9012.118494       -0.000901  3974475.277284 10000000.000000 10000000.000000
20121130    34652.161176        0.003465  3745588.454722 10000000.000000 10000000.000000
20121203   -88021.737412       -0.008802  3390009.489507 10000000.000000 10000000.000000
20121204    94608.035944        0.009461  3572709.692089 10000000.000000 10000000.000000
20121205    79395.214934        0.007940  3558496.232899 10000000.000000 10000000.000000
20121206   -29641.542490       -0.002964  4285887.916745 10000000.000000 10000000.000000
20121207    81467.415507        0.008147  4789417.512423 10000000.000000 10000000.000000
20121210    67661.947589        0.006766  5020523.625737 10000000.000000 10000000.000000
20121211     4926.177521        0.000493  5696227.267142 10000000.000000 10000000.000000
20121212    39641.604039        0.003964  5791536.414516 10000000.000000 10000000.000000
20121213   -66519.364769       -0.006652  5875053.127787 10000000.000000 10000000.000000
20121214   -28102.561494       -0.002810  5530282.941840 10000000.000000 10000000.000000
20121217   133732.944714        0.013373  5323869.442130 10000000.000000 10000000.000000
20121218    57050.784200        0.005705  5031523.854184 10000000.000000 10000000.000000
20121219    31157.009000        0.003116  5483777.621456 10000000.000000 10000000.000000
20121220  -150561.747193       -0.015056  5083357.949594 10000000.000000 10000000.000000
20121221   -49089.823370       -0.004909  4581813.922402 10000000.000000 10000000.000000
20121224   -19409.114477       -0.001941  4762346.082741 10000000.000000 10000000.000000
20121225     -998.869978       -0.000100  4562858.148409 10000000.000000 10000000.000000
20121226   -61103.063856       -0.006110  4202428.923147 10000000.000000 10000000.000000
20121227   114850.288511        0.011485  4183134.387780 10000000.000000 10000000.000000
20121228   -66897.043703       -0.006690  4193769.280148 10000000.000000 10000000.000000
20121231    55465.783656        0.005547  3862974.976627 10000000.000000 10000000.000000
20130104     1007.519414        0.000101  4016778.325411 10000000.000000 10000000.000000
20130107    36301.296390        0.003630  4359388.950048 10000000.000000 10000000.000000
20130108    -6237.450564       -0.000624  4393360.115463 10000000.000000 10000000.000000
20130109   116621.793058        0.011662  4105279.069876 10000000.000000 10000000.000000
20130110   -12688.881721       -0.001269  4347837.017557 10000000.000000 10000000.000000
20130111  -104131.251959       -0.010413  4585918.600873 10000000.000000 10000000.000000
20130114   -80901.451453       -0.008090  4699878.190462 10000000.000000 10000000.000000
20130115   120724.922086        0.012072  4473176.874241 10000000.000000 10000000.000000
20130116    32835.770235        0.003284  4120766.684993 10000000.000000 10000000.000000
20130117    90069.980016        0.009007  4286162.109833 10000000.000000 10000000.000000
20130118    17219.636283        0.001722  4556993.808658 10000000.000000 10000000.000000
20130121    25198.582541        0.002520  4544832.155905 10000000.000000 10000000.000000
20130122    34585.973477        0.003459  5266786.771614 10000000.000000 10000000.000000
20130123   -54647.457222       -0.005465  5078635.844609 10000000.000000 10000000.000000
20130124   -13166.888686       -0.001317  5077460.129262 10000000.000000 10000000.000000
20130125   -27025.280650       -0.002703  4922521.477141 10000000.000000 10000000.000000
20130128   -51530.288475       -0.005153  4733029.058145 10000000.000000 10000000.000000
20130129     3291.931185        0.000329  4130270.891989 10000000.000000 10000000.000000
20130130     4812.742504        0.000481  4040356.209107 10000000.000000 10000000.000000
20130131    28154.205093        0.002815  3922259.498739 10000000.000000 10000000.000000
20130201   -41393.715755       -0.004139  4118975.523308 10000000.000000 10000000.000000
20130204    59149.969687        0.005915  4131049.959301 10000000.000000 10000000.000000
20130205    57856.111655        0.005786  4188878.729191 10000000.000000 10000000.000000
20130206   -36072.694759       -0.003607  4895361.624704 10000000.000000 10000000.000000
20130207     1498.767973        0.000150  4693821.582417 10000000.000000 10000000.000000
20130208   -13936.281876       -0.001394  4539233.791675 10000000.000000 10000000.000000
20130218    79001.785793        0.007900  4328333.697561 10000000.000000 10000000.000000
20130219    64274.067319        0.006427  4437391.490078 10000000.000000 10000000.000000
20130220   -43577.893020       -0.004358  4399140.895634 10000000.000000 10000000.000000
20130221    57446.089773        0.005745  4115812.019046 10000000.000000 10000000.000000
20130222    42713.933911        0.004271  4437637.106640 10000000.000000 10000000.000000
20130225   -58446.973700       -0.005845  4913332.333239 10000000.000000 10000000.000000
20130226    24125.618980        0.002413  4970817.957439 10000000.000000 10000000.000000
20130227    22787.200502        0.002279  4903765.817821 10000000.000000 10000000.000000
20130228    24908.205758        0.002491  5347854.670289 10000000.000000 10000000.000000
20130301  -137026.072839       -0.013703  5253923.785538 10000000.000000 10000000.000000
20130304  -170788.135268       -0.017079  4428098.145802 10000000.000000 10000000.000000
20130305   -20520.516354       -0.002052  4973168.440896 10000000.000000 10000000.000000
20130306   101214.985239        0.010121  3922323.086336 10000000.000000 10000000.000000
20130307   141972.462707        0.014197  3534022.459888 10000000.000000 10000000.000000
20130308    77400.135457        0.007740  3873529.504550 10000000.000000 10000000.000000
20130311    22735.704075        0.002274  4353226.440069 10000000.000000 10000000.000000
20130312     8690.370811        0.000869  4948531.408094 10000000.000000 10000000.000000
20130313   -19850.996025       -0.001985  5367739.066478 10000000.000000 10000000.000000
20130314   -40267.619304       -0.004027  4994725.249609 10000000.000000 10000000.000000
20130315    35847.616389        0.003585  4708597.737055 10000000.000000 10000000.000000
20130318   -18653.896760       -0.001865  4495665.773639 10000000.000000 10000000.000000
20130319    75552.918702        0.007555  4220774.619662 10000000.000000 10000000.000000
20130320    77806.028475        0.007781  4287795.984429 10000000.000000 10000000.000000
20130321   -60845.473632       -0.006085  4315995.176426 10000000.000000 10000000.000000
20130322   -25024.377229       -0.002502  4319155.729363 10000000.000000 10000000.000000
20130325    12905.857061        0.001291  4555331.070277 10000000.000000 10000000.000000
20130326   -84000.017720       -0.008400  5234838.354596 10000000.000000 10000000.000000
20130327      706.513276        0.000071  4893516.273726 10000000.000000 10000000.000000
20130328   -27285.554231       -0.002729  3911835.524837 10000000.000000 10000000.000000
20130329   -32817.424933       -0.003282  4288891.889905 10000000.000000 10000000.000000
20130401    38868.501810        0.003887  4060557.500886 10000000.000000 10000000.000000
20130402   158822.363497        0.015882  3879791.118150 10000000.000000 10000000.000000
20130403    67870.516715        0.006787  4398697.519524 10000000.000000 10000000.000000
20130408   -69886.969334       -0.006989  4763353.848526 10000000.000000 10000000.000000
20130409    54020.672730        0.005402  4584132.801881 10000000.000000 10000000.000000
20130410    59515.801098        0.005952  4731596.152470 10000000.000000 10000000.000000
20130411    20585.078030        0.002059  4847404.040315 10000000.000000 10000000.000000
20130412    38681.454696        0.003868  4345793.362409 10000000.000000 10000000.000000
20130415   -53659.134453       -0.005366  4644710.702478 10000000.000000 10000000.000000
20130416    26099.450150        0.002610  4599682.328644 10000000.000000 10000000.000000
20130417   -20251.335283       -0.002025  4166676.274339 10000000.000000 10000000.000000
20130418    50117.133741        0.005012  3757614.974334 10000000.000000 10000000.000000
20130419    18356.353743        0.001836  4184502.410621 10000000.000000 10000000.000000
20130422  -111766.668586       -0.011177  4598772.776208 10000000.000000 10000000.000000
20130423   -33260.625773       -0.003326  4478137.608315 10000000.000000 10000000.000000
20130424  -105881.161008       -0.010588  4712042.372957 10000000.000000 10000000.000000
20130425   133399.904588        0.013340  4272011.298461 10000000.000000 10000000.000000
20130426    -3578.269497       -0.000358  4374518.105114 10000000.000000 10000000.000000
20130502  -232269.826654       -0.023227  4307032.879074 10000000.000000 10000000.000000
20130503    -2912.122986       -0.000291  4174413.481574 10000000.000000 10000000.000000
20130506    47831.031594        0.004783  3855352.910989 10000000.000000 10000000.000000
20130507    82204.829029        0.008220  4158877.300901 10000000.000000 10000000.000000
20130508   -60115.951194       -0.006012  4202045.238898 10000000.000000 10000000.000000
20130509     4263.227708        0.000426  4009837.758556 10000000.000000 10000000.000000
20130510   160432.206890        0.016043  4360596.833619 10000000.000000 10000000.000000
20130513    28721.228713        0.002872  4596893.387336 10000000.000000 10000000.000000
20130514    23695.376586        0.002370  4666968.734566 10000000.000000 10000000.000000
20130515  -123546.107888       -0.012355  4920528.515772 10000000.000000 10000000.000000
20130516    83895.595617        0.008390  4560076.829752 10000000.000000 10000000.000000
20130517    12204.535062        0.001220  4587661.452828 10000000.000000 10000000.000000
20130520     -161.547454       -0.000016  4879041.151951 10000000.000000 10000000.000000
20130521    29980.232156        0.002998  4222656.276420 10000000.000000 10000000.000000
20130522   114466.650320        0.011447  4214294.344447 10000000.000000 10000000.000000
20130523   -46181.856470       -0.004618  4688837.593625 10000000.000000 10000000.000000
20130524   -88218.096257       -0.008822  4538730.017083 10000000.000000 10000000.000000
20130527   -15082.311411       -0.001508  4219970.015439 10000000.000000 10000000.000000
20130528   162948.470187        0.016295  4409809.958867 10000000.000000 10000000.000000
20130529   -22914.786720       -0.002291  4831766.923045 10000000.000000 10000000.000000
20130530    -7755.966802       -0.000776  4333075.472415 10000000.000000 10000000.000000
20130531    68341.303699        0.006834  4530361.566260 10000000.000000 10000000.000000
20130603    82425.753282        0.008243  4932575.254141 10000000.000000 10000000.000000
20130604    -7282.807644       -0.000728  4996047.735771 10000000.000000 10000000.000000
20130605   -44545.146921       -0.004455  5116191.776213 10000000.000000 10000000.000000
20130606    14832.765663        0.001483  4999680.251426 10000000.000000 10000000.000000
20130607   104923.054403        0.010492  4976693.465743 10000000.000000 10000000.000000
20130613   -38814.255420       -0.003881  4863062.141199 10000000.000000 10000000.000000
20130614     1031.307024        0.000103  5176247.617857 10000000.000000 10000000.000000
20130617    55115.754539        0.005512  4505972.064750 10000000.000000 10000000.000000
20130618   -29541.876933       -0.002954  4750851.502342 10000000.000000 10000000.000000
20130619    53668.845691        0.005367  4288745.700426 10000000.000000 10000000.000000
20130620    14055.372880        0.001406  4240003.019449 10000000.000000 10000000.000000
20130621   -72371.064722       -0.007237  4504016.158821 10000000.000000 10000000.000000
20130624  -112762.776669       -0.011276  4664853.308493 10000000.000000 10000000.000000
20130625    27703.653143        0.002770  4243103.320322 10000000.000000 10000000.000000
20130626   -36637.007774       -0.003664  4069100.514079 10000000.000000 10000000.000000
20130627    58878.017304        0.005888  3652719.361103 10000000.000000 10000000.000000
20130628   140716.272925        0.014072  3758991.819987 10000000.000000 10000000.000000
20130701   -16186.430925       -0.001619  3618925.632967 10000000.000000 10000000.000000
20130702    54731.259616        0.005473  4455353.754177 10000000.000000 10000000.000000
20130703   -72089.752166       -0.007209  4598193.638229 10000000.000000 10000000.000000
20130704   189533.379929        0.018953  4068725.073590 10000000.000000 10000000.000000
20130705   109036.200128        0.010904  4900602.514321 10000000.000000 10000000.000000
20130708  -169908.660239       -0.016991  5050956.722812 10000000.000000 10000000.000000
20130709   -55645.364096       -0.005565  5312020.920553 10000000.000000 10000000.000000
20130710    95303.927072        0.009530  4603986.835977 10000000.000000 10000000.000000
20130711   178930.371592        0.017893  4625860.963708 10000000.000000 10000000.000000
20130712   -41047.454354       -0.004105  4789944.280231 10000000.000000 10000000.000000
20130715    43253.657701        0.004325  4396531.859684 10000000.000000 10000000.000000
20130716   138942.251825        0.013894  4861546.268407 10000000.000000 10000000.000000
20130717    35126.347150        0.003513  4979733.262671 10000000.000000 10000000.000000
20130718   -20728.267237       -0.002073  5043979.727964 10000000.000000 10000000.000000
20130719   -24542.290227       -0.002454  4791052.524141 10000000.000000 10000000.000000
20130722   -54060.006578       -0.005406  4735327.580877 10000000.000000 10000000.000000
20130723    25573.476579        0.002557  4921306.375715 10000000.000000 10000000.000000
20130724   -50790.759093       -0.005079  4145626.293707 10000000.000000 10000000.000000
20130725   160533.880754        0.016053  3649913.584907 10000000.000000 10000000.000000
20130726   -47508.762003       -0.004751  4644879.003038 10000000.000000 10000000.000000
20130729    56971.559880        0.005697  4962731.398934 10000000.000000 10000000.000000
20130730    51721.020463        0.005172  4820909.350826 10000000.000000 10000000.000000
20130731    26320.175507        0.002632  4885888.769094 10000000.000000 10000000.000000
20130801   -13677.591561       -0.001368  4641993.061140 10000000.000000 10000000.000000
20130802    95096.022743        0.009510  4815271.628570 10000000.000000 10000000.000000
20130805    12725.292661        0.001273  4918831.838682 10000000.000000 10000000.000000
20130806    38395.747054        0.003840  5318592.451438 10000000.000000 10000000.000000
20130807     7795.166990        0.000780  5007912.203038 10000000.000000 10000000.000000
20130808   -16823.236871       -0.001682  5527671.979570 10000000.000000 10000000.000000
20130809    50806.150522        0.005081  5330723.761923 10000000.000000 10000000.000000
20130812   144819.083214        0.014482  5220894.777228 10000000.000000 10000000.000000
20130813    80538.342031        0.008054  5210529.612616 10000000.000000 10000000.000000
20130814   -28445.965116       -0.002845  5110645.028454 10000000.000000 10000000.000000
20130815    59851.950332        0.005985  5245983.010930 10000000.000000 10000000.000000
20130816   -15641.753830       -0.001564  5064229.187222 10000000.000000 10000000.000000
20130819  -111785.286633       -0.011179  5287660.666607 10000000.000000 10000000.000000
20130820   -17911.279529       -0.001791  5321208.069902 10000000.000000 10000000.000000
20130821    39022.179901        0.003902  4936461.617791 10000000.000000 10000000.000000
20130822    70983.829669        0.007098  4738213.189870 10000000.000000 10000000.000000
20130823    29769.362639        0.002977  4807263.045928 10000000.000000 10000000.000000
20130826     7227.110532        0.000723  4782235.459038 10000000.000000 10000000.000000
20130827   -68258.756675       -0.006826  5608661.034421 10000000.000000 10000000.000000
20130828    31151.455593        0.003115  5197449.167938 10000000.000000 10000000.000000
20130829   -27730.305377       -0.002773  5326056.624592 10000000.000000 10000000.000000
20130830    24047.279088        0.002405  4623976.275188 10000000.000000 10000000.000000
20130902    -5433.775167       -0.000543  4649952.643690 10000000.000000 10000000.000000
20130903    -8788.150309       -0.000879  4949480.638217 10000000.000000 10000000.000000
20130904   -95253.811504       -0.009525  4582622.621281 10000000.000000 10000000.000000
20130905     1301.777120        0.000130  4997948.729626 10000000.000000 10000000.000000
20130906   -77226.201149       -0.007723  4327849.473595 10000000.000000 10000000.000000
20130909    32981.300311        0.003298  4526464.984263 10000000.000000 10000000.000000
20130910      813.626016        0.000081  4644171.112250 10000000.000000 10000000.000000
20130911   101238.244396        0.010124  4583785.233923 10000000.000000 10000000.000000
20130912    40077.318155        0.004008  5047068.634568 10000000.000000 10000000.000000
20130913    70906.325818        0.007091  4812327.752928 10000000.000000 10000000.000000
20130916    16434.320999        0.001643  4804525.182677 10000000.000000 10000000.000000
20130917    51738.053883        0.005174  4914878.397046 10000000.000000 10000000.000000
20130918   -90898.855652       -0.009090  5100182.915423 10000000.000000 10000000.000000
20130923   -21845.183018       -0.002185  4646093.071880 10000000.000000 10000000.000000
20130924   -57217.805094       -0.005722  4751231.701287 10000000.000000 10000000.000000
20130925    -3896.132314       -0.000390  4643348.655606 10000000.000000 10000000.000000
20130926    72221.132978        0.007222  4809468.918194 10000000.000000 10000000.000000
20130927      440.819468        0.000044  5099721.517228 10000000.000000 10000000.000000
20130930  -122954.996373       -0.012295  4836887.430288 10000000.000000 10000000.000000
20131008    97356.792864        0.009736  3896434.280323 10000000.000000 10000000.000000
20131009    50110.986499        0.005011  4485102.373227 10000000.000000 10000000.000000
20131010    26214.913235        0.002621  4243647.046574 10000000.000000 10000000.000000
20131011    35307.517888        0.003531  5019147.543976 10000000.000000 10000000.000000
20131014   -16966.265180       -0.001697  4779489.364898 10000000.000000 10000000.000000
20131015    45741.099399        0.004574  4733031.687918 10000000.000000 10000000.000000
20131016    13285.157468        0.001329  4887203.495732 10000000.000000 10000000.000000
20131017    38323.601702        0.003832  4409254.021305 10000000.000000 10000000.000000
20131018   -68911.386403       -0.006891  4622605.071219 10000000.000000 10000000.000000
20131021  -117780.609947       -0.011778  4393134.414942 10000000.000000 10000000.000000
20131022    63523.405023        0.006352  4213113.243294 10000000.000000 10000000.000000
20131023   189536.781681        0.018954  4433019.302775 10000000.000000 10000000.000000
20131024    21589.076237        0.002159  4627867.232428 10000000.000000 10000000.000000
20131025    10410.806994        0.001041  4811961.973262 10000000.000000 10000000.000000
20131028    34075.251839        0.003408  5045232.640109 10000000.000000 10000000.000000
20131029    56456.765485        0.005646  4475103.124984 10000000.000000 10000000.000000
20131030   -31252.195150       -0.003125  4375961.888698 10000000.000000 10000000.000000
20131031    98008.713271        0.009801  4627456.970995 10000000.000000 10000000.000000
20131101   146669.147864        0.014667  4751888.544706 10000000.000000 10000000.000000
20131104   -58243.619254       -0.005824  4360775.144278 10000000.000000 10000000.000000
20131105    26409.104882        0.002641  4621193.953206 10000000.000000 10000000.000000
20131106   -19029.272717       -0.001903  4606142.356292 10000000.000000 10000000.000000
20131107   -12965.223243       -0.001297  4855793.536092 10000000.000000 10000000.000000
20131108    20553.505869        0.002055  4681508.611304 10000000.000000 10000000.000000
20131111   -14746.442368       -0.001475  4385682.778795 10000000.000000 10000000.000000
20131112    57876.943416        0.005788  4804876.373327 10000000.000000 10000000.000000
20131113    -1738.619036       -0.000174  4444398.491677 10000000.000000 10000000.000000
20131114    63088.258032        0.006309  4498466.691169 10000000.000000 10000000.000000
20131115    71651.541809        0.007165  4576048.037866 10000000.000000 10000000.000000
20131118    32110.923707        0.003211  5109405.379606 10000000.000000 10000000.000000
20131119    37983.510610        0.003798  5156289.660173 10000000.000000 10000000.000000
20131120   -72883.425665       -0.007288  5061607.549496 10000000.000000 10000000.000000
20131121    97935.732416        0.009794  5317002.774946 10000000.000000 10000000.000000
20131122    19456.663478        0.001946  5780086.419868 10000000.000000 10000000.000000
20131125   -63994.218483       -0.006399  5442710.934701 10000000.000000 10000000.000000
20131126    -7493.810757       -0.000749  5077358.848769 10000000.000000 10000000.000000
20131127    10632.596520        0.001063  4621117.477308 10000000.000000 10000000.000000
20131128    52695.712418        0.005270  5043652.760206 10000000.000000 10000000.000000
20131129  -114484.795023       -0.011448  5309700.437999 10000000.000000 10000000.000000
20131202    90990.474621        0.009099  4602287.894165 10000000.000000 10000000.000000
20131203     8026.902756        0.000803  5358275.164455 10000000.000000 10000000.000000
20131204   115567.232022        0.011557  5043002.454075 10000000.000000 10000000.000000
20131205    73218.499681        0.007322  5450308.458848 10000000.000000 10000000.000000
20131206   100383.517483        0.010038  4794470.183241 10000000.000000 10000000.000000
20131209    22920.284018        0.002292  4560101.601505 10000000.000000 10000000.000000
20131210   -18060.613323       -0.001806  5273010.271708 10000000.000000 10000000.000000
20131211    81028.473782        0.008103  4711136.852135 10000000.000000 10000000.000000
20131212    76378.214492        0.007638  5190558.950582 10000000.000000 10000000.000000
20131213    49328.615990        0.004933  5460272.950565 10000000.000000 10000000.000000
20131216    80603.391228        0.008060  5342341.995863 10000000.000000 10000000.000000
20131217    54072.527933        0.005407  5993179.534327 10000000.000000 10000000.000000
20131218     2262.549740        0.000226  6094530.165678 10000000.000000 10000000.000000
20131219    -7554.274455       -0.000755  5816146.198459 10000000.000000 10000000.000000
20131220   -26035.972906       -0.002604  5217888.758274 10000000.000000 10000000.000000
20131223   -15479.206033       -0.001548  4967841.408155 10000000.000000 10000000.000000
20131224    36315.573436        0.003632  5129992.318101 10000000.000000 10000000.000000
20131225   130476.706775        0.013048  4440951.553935 10000000.000000 10000000.000000
20131226   -24659.739951       -0.002466  4732511.868413 10000000.000000 10000000.000000
20131227    40722.312029        0.004072  4734485.969074 10000000.000000 10000000.000000
20131230    57822.717656        0.005782  4355414.635173 10000000.000000 10000000.000000
20131231    96642.455235        0.009664  4746060.371237 10000000.000000 10000000.000000
20140102   -71041.052169       -0.007104  5154007.145262 10000000.000000 10000000.000000
20140103    40510.929689        0.004051  6178863.143607 10000000.000000 10000000.000000
20140106   -16846.756874       -0.001685  5193592.321190 10000000.000000 10000000.000000
20140107   -68163.076036       -0.006816  4732394.589142 10000000.000000 10000000.000000
20140108   -66238.906970       -0.006624  4767396.227479 10000000.000000 10000000.000000
20140109    41161.574596        0.004116  3799436.643223 10000000.000000 10000000.000000
20140110    25131.853154        0.002513  4190882.372456 10000000.000000 10000000.000000
